cycle |       IF        |       OF        |       EX        |       WB        | event
    0 |    0    1    2  |    .    .    .  |    .    .    .  |    .    .    .  | 
    1 |    3    4    5  |    0    1    2  |    .    .    .  |    .    .    .  | 
    2 |    6    7    8  |    3    4    5  |    0    1    2  |    .    .    .  | 
    3 |    9   10   11  |    6    7    8  |    3    4    5  |    0    1    2  | 
    4 |   12   13   14  |    9   10   11  |    6    7    8  |    3    4    5  | 
    5 |   15   16   17  |   12   13   14  |    9   10   11  |    6    7    8  | 
    6 |   18   19   20  |   15   16   17  |   12   13   14  |    9   10   11  | 
    7 |   21   22   23  |   18   19   20  |   15   16   17  |   12   13   14  | 
    8 |   24   25   26  |   21   22   23  |   18   19   20  |   15   16   17  | 
    9 |   27   28   29  |   24   25   26  |   21   22   23  |   18   19   20  | 
   10 |   30   31   32  |   27   28   29  |   24   25   26  |   21   22   23  | 
   11 |  x33  x34  x35  |  x30  x31  x32  |   27   28   29  |   24   25   26  | JL taken -> 30
   12 |   30   31   32  |    .    .    .  |    .    .    .  |   27   28   29  | 
   13 |   33   34   35  |   30   31   32  |    .    .    .  |    .    .    .  | 
   14 |   36   37   38  |   33   34   35  |   30   31   32  |    .    .    .  | 
   15 |   39   40   41  |   36   37   38  |   33   34   35  |   30   31   32  | 
   16 |   42   43   44  |   39   40   41  |   36   37   38  |   33   34   35  | 
   17 |   45   46   47  |   42   43   44  |   39   40   41  |   36   37   38  | 
   18 |   48   49   50  |   45   46   47  |   42   43   44  |   39   40   41  | 
   19 |   51   52   53  |   48   49   50  |   45   46   47  |   42   43   44  | 
   20 |   54   55   56  |   51   52   53  |   48   49   50  |   45   46   47  | 
   21 |  x57  x58  x59  |  x54  x55  x56  |   51   52   53  |   48   49   50  | JL taken -> 54
   22 |   54   55   56  |    .    .    .  |    .    .    .  |   51   52   53  | 
   23 |   57   58   59  |   54   55   56  |    .    .    .  |    .    .    .  | 
   24 |   60   61   62  |   57   58   59  |   54   55   56  |    .    .    .  | 
   25 |   63   64   65  |   60   61   62  |   57   58   59  |   54   55   56  | 
   26 |   66   67   68  |   63   64   65  |   60   61   62  |   57   58   59  | 
   27 |   69   70   71  |   66   67   68  |   63   64   65  |   60   61   62  | 
   28 |   72   73   74  |   69   70   71  |   66   67   68  |   63   64   65  | 
   29 |   75   76   77  |   72   73   74  |   69   70   71  |   66   67   68  | 
   30 |   78   79   80  |   75   76   77  |   72   73   74  |   69   70   71  | 
   31 |  x81  x82  x83  |  x78  x79  x80  |   75   76   77  |   72   73   74  | JL taken -> 78
   32 |   78   79   80  |    .    .    .  |    .    .    .  |   75   76   77  | 
   33 |   81   82   83  |   78   79   80  |    .    .    .  |    .    .    .  | 
   34 |   84   85   86  |   81   82   83  |   78   79   80  |    .    .    .  | 
   35 |   87   88   89  |   84   85   86  |   81   82   83  |   78   79   80  | 
   36 |   90   91   92  |   87   88   89  |   84   85   86  |   81   82   83  | 
   37 |   93   94   95  |   90   91   92  |   87   88   89  |   84   85   86  | 
   38 |  x96  x97  x98  |  x93  x94  x95  |   90  x91  x92  |   87   88   89  | HALT in EX: fetch stopped
   39 |    .    .    .  |    .    .    .  |    .    .    .  |   90    .    .  | HALT in WB: done
